5.565638249999999534e+05 6.739882387500000186e+06
5.568340549999999348e+05 6.739618152499999851e+06
5.571042850000000326e+05 6.739353917500000447e+06
5.571042850000000326e+05 6.739089682500000112e+06
5.573745150000000140e+05 6.738825447499999776e+06
5.573745150000000140e+05 6.738561212500000373e+06
5.573745150000000140e+05 6.738296977500000037e+06
5.573745150000000140e+05 6.738032742500000633e+06
5.576447449999999953e+05 6.737768507500000298e+06
5.576447449999999953e+05 6.737504272499999963e+06
5.576447449999999953e+05 6.737240037500000559e+06
5.576447449999999953e+05 6.736975802500000224e+06
5.576447449999999953e+05 6.736711567499999888e+06
5.576447449999999953e+05 6.736447332500000484e+06
5.576447449999999953e+05 6.736183097500000149e+06
5.576447449999999953e+05 6.735918862499999814e+06
5.573745150000000140e+05 6.735654627500000410e+06
5.573745150000000140e+05 6.735390392500000075e+06
5.573745150000000140e+05 6.735126157499999739e+06
5.573745150000000140e+05 6.734861922500000335e+06
5.573745150000000140e+05 6.734597687500000000e+06
5.573745150000000140e+05 6.734333452500000596e+06
5.576447449999999953e+05 6.734069217500000261e+06
5.576447449999999953e+05 6.733804982499999925e+06
5.576447449999999953e+05 6.733540747500000522e+06
5.579149749999999767e+05 6.733276512500000186e+06
5.579149749999999767e+05 6.733012277499999851e+06
5.581852049999999581e+05 6.732748042500000447e+06
5.581852049999999581e+05 6.732483807500000112e+06
5.584554349999999395e+05 6.732219572499999776e+06
5.584554349999999395e+05 6.731955337500000373e+06
5.584554349999999395e+05 6.731691102500000037e+06
5.584554349999999395e+05 6.731426867500000633e+06
5.584554349999999395e+05 6.731162632500000298e+06
5.587256650000000373e+05 6.730898397499999963e+06
5.587256650000000373e+05 6.730634162500000559e+06
5.587256650000000373e+05 6.730369927500000224e+06
5.587256650000000373e+05 6.730105692499999888e+06
5.589958950000000186e+05 6.729841457500000484e+06
5.589958950000000186e+05 6.729577222500000149e+06
5.587256650000000373e+05 6.729312987499999814e+06
5.587256650000000373e+05 6.729048752500000410e+06
5.587256650000000373e+05 6.728784517500000075e+06
5.587256650000000373e+05 6.728520282499999739e+06
5.587256650000000373e+05 6.728256047500000335e+06
5.587256650000000373e+05 6.727991812500000000e+06
5.587256650000000373e+05 6.727727577500000596e+06
5.587256650000000373e+05 6.727463342500000261e+06
5.587256650000000373e+05 6.727199107499999925e+06
5.587256650000000373e+05 6.726934872500000522e+06
5.587256650000000373e+05 6.726670637500000186e+06
5.587256650000000373e+05 6.726406402499999851e+06
5.587256650000000373e+05 6.726142167500000447e+06
5.587256650000000373e+05 6.725877932500000112e+06
5.587256650000000373e+05 6.725613697499999776e+06
5.584554349999999395e+05 6.725349462500000373e+06
5.584554349999999395e+05 6.725085227500000037e+06
5.584554349999999395e+05 6.724820992500000633e+06
5.584554349999999395e+05 6.724556757500000298e+06
5.584554349999999395e+05 6.724292522499999963e+06
